0 
14 0 
105 194 0 
135 149 48 0 
200 169 134 51 0 
147 97 76 18 79 0 
73 41 140 147 76 155 0 
74 43 60 18 31 28 58 0 
176 87 125 117 170 132 31 126 0 
16 84 165 119 81 166 27 82 172 0 
127 163 99 169 177 170 34 200 76 126 0 
118 129 11 50 11 149 104 146 146 176 198 0 
41 118 54 90 133 188 80 185 39 37 77 101 0 
54 12 105 62 199 44 153 176 108 153 109 103 144 0 
77 115 36 152 12 58 104 64 110 18 64 10 115 36 0 
33 37 77 22 67 93 196 193 107 77 171 61 72 150 73 0 
54 76 153 121 156 183 130 83 161 124 130 105 48 83 117 22 0 
109 198 75 42 44 80 184 119 102 45 136 183 160 96 126 117 26 0 
181 65 76 194 38 156 115 132 24 145 138 121 48 31 148 109 77 67 0 
108 93 27 97 13 67 64 179 64 149 73 57 34 91 114 71 105 110 68 0 
23 10 77 140 134 15 22 196 143 169 124 10 54 86 53 148 66 31 86 167 0 
131 186 138 94 192 49 170 156 63 120 96 86 194 55 146 67 181 38 124 56 147 0 
138 29 162 165 127 181 95 143 178 43 58 48 141 128 167 106 104 135 45 109 178 125 0 
105 22 51 25 23 12 48 62 153 152 194 185 159 151 123 78 176 160 103 37 97 125 63 0 
125 197 23 172 111 95 92 186 162 51 115 68 161 196 43 126 46 122 33 33 166 19 74 62 0 
179 63 21 71 55 153 99 69 96 19 17 181 164 71 31 196 98 159 180 102 105 63 139 106 151 0 
24 71 88 24 40 10 116 165 200 148 189 103 86 38 61 178 135 63 129 41 101 20 47 85 129 43 0 
49 29 121 163 58 197 168 47 178 121 17 12 119 46 120 158 157 135 66 77 95 22 139 32 141 91 76 0 
196 144 186 191 183 107 90 151 53 175 193 184 127 133 31 164 132 181 150 74 13 94 36 88 90 44 114 168 0 
36 43 97 147 25 23 153 166 181 43 141 163 89 43 84 67 163 15 27 98 197 20 81 151 130 93 126 177 18 0 
160 48 73 131 25 31 88 49 156 93 167 178 14 167 24 15 32 74 60 26 83 28 71 79 133 14 45 57 83 37 0 
88 193 22 139 150 64 92 16 73 27 71 151 110 162 102 132 187 98 59 134 97 82 35 48 59 130 110 187 135 174 144 0 
85 58 144 78 173 186 125 69 31 129 78 168 159 172 147 136 182 167 23 190 183 180 24 26 79 81 158 108 88 160 56 167 0 
26 149 190 90 69 21 31 116 97 101 54 53 186 114 26 194 188 14 173 69 158 76 129 25 46 137 84 51 199 150 33 14 112 0 
113 117 103 185 171 22 21 91 58 135 95 189 25 159 95 121 186 95 198 181 50 153 20 123 55 126 46 106 198 106 114 184 139 166 0 
62 52 198 57 156 27 136 168 182 138 190 97 33 163 157 16 28 64 193 94 71 105 47 151 103 95 181 161 34 27 133 83 44 34 38 0 
129 149 164 145 35 97 145 161 82 66 39 64 147 46 116 178 60 25 52 58 183 177 44 155 193 79 95 61 144 121 29 124 134 160 14 122 0 
83 128 162 133 57 122 183 132 22 102 132 157 126 144 150 122 141 36 19 179 121 112 106 105 155 170 67 183 14 37 176 165 140 154 66 32 57 0 
146 50 138 147 110 135 154 98 79 29 110 26 92 30 186 62 132 30 175 180 18 100 118 197 44 122 194 44 191 19 42 60 194 111 52 184 28 84 0 
146 140 120 117 39 185 67 152 25 121 150 169 73 82 95 56 102 181 51 146 156 196 93 26 139 108 67 146 11 174 80 42 19 170 156 123 66 66 133 0 
22 174 153 156 92 125 25 108 164 104 29 85 31 120 194 23 57 121 116 41 86 151 169 156 24 42 148 96 101 192 105 115 196 103 164 133 125 183 155 90 0 
143 136 101 113 115 36 181 151 19 51 11 22 28 193 168 96 142 176 30 159 179 117 39 143 128 142 18 115 37 91 30 154 153 168 160 192 173 186 154 98 12 0 
64 78 18 30 22 35 46 117 130 38 61 161 132 140 103 92 49 186 69 58 77 183 89 147 30 125 46 138 116 196 16 105 177 73 178 88 69 193 43 128 132 81 0 
23 146 32 193 43 26 72 101 28 146 62 132 159 97 169 189 23 42 31 129 192 186 144 129 156 152 101 123 80 79 157 123 161 144 170 11 117 200 92 118 188 44 32 0 
50 88 36 44 117 51 136 125 37 53 166 109 176 191 160 58 62 113 60 199 60 22 88 187 61 82 70 134 49 170 30 200 94 50 43 78 136 104 25 147 147 98 82 90 0 
124 12 139 52 101 121 38 186 149 68 156 170 124 91 143 95 27 195 111 185 189 23 189 120 161 200 179 47 84 98 189 27 141 67 146 104 87 31 86 117 153 183 188 109 31 0 
150 156 164 34 26 79 49 21 109 176 105 50 155 31 131 57 33 96 124 161 151 61 26 181 163 188 80 127 102 105 56 25 70 103 155 103 171 124 128 79 88 136 63 178 163 141 0 
47 73 133 146 128 74 105 119 169 172 41 19 83 198 158 185 22 77 16 124 88 166 178 119 71 52 126 142 41 35 25 45 38 117 117 188 11 27 152 129 65 89 197 175 192 80 128 0 
30 29 56 64 113 164 105 46 25 61 66 75 134 23 136 80 15 131 55 155 197 124 21 30 26 198 169 180 129 27 95 183 146 22 165 73 114 92 130 156 182 17 60 126 23 19 128 64 0 
181 150 68 12 22 98 10 66 131 159 118 51 132 89 158 180 63 39 79 39 114 19 118 132 86 182 32 39 100 27 170 176 104 16 175 188 132 180 97 173 33 49 98 91 187 30 165 30 191 0 
99 51 63 49 34 52 88 139 138 14 76 149 189 68 42 10 55 116 26 40 153 130 22 38 88 188 142 132 57 133 10 21 172 159 73 139 128 90 154 149 190 13 103 19 171 200 27 119 130 119 0 
113 154 92 167 69 178 160 139 136 157 104 70 101 82 71 64 147 68 23 120 56 36 96 52 96 98 57 67 34 143 69 58 146 35 103 154 127 156 100 196 190 31 27 99 50 180 112 100 162 197 41 0 
114 45 122 114 160 115 17 131 154 97 164 145 107 101 163 150 10 52 61 127 106 64 52 89 66 178 168 38 77 25 109 103 149 59 199 28 21 86 115 123 191 143 186 172 40 36 35 89 152 76 40 73 0 
66 167 136 23 19 45 197 22 111 10 157 14 12 176 142 150 127 14 152 72 75 59 102 200 108 20 86 129 181 165 185 52 35 181 174 29 130 118 104 104 129 193 55 79 183 94 61 103 73 44 15 169 25 0 
120 93 64 70 94 124 71 59 147 122 20 30 42 91 144 179 50 117 113 41 13 186 41 167 14 177 196 132 17 98 86 167 101 177 115 141 58 34 14 76 114 73 141 25 86 189 114 17 116 128 68 176 28 35 0 
156 107 162 83 132 120 141 23 12 137 126 94 72 82 64 88 26 189 71 108 146 88 127 61 159 28 85 40 134 82 50 171 167 197 179 78 82 45 172 39 105 75 34 97 27 199 14 74 31 99 140 128 25 105 158 0 
132 48 135 178 192 39 28 61 179 145 135 20 128 98 38 35 120 41 197 74 86 178 41 117 77 14 125 194 121 131 165 60 155 89 71 102 198 79 195 76 157 171 74 53 188 83 60 83 122 138 186 181 17 51 104 146 0 
151 76 131 200 149 88 48 131 15 139 188 67 165 149 113 192 113 14 126 128 13 96 34 72 92 153 130 196 82 197 41 27 83 181 60 194 72 183 112 82 73 103 52 141 54 187 91 108 80 108 131 13 58 164 172 60 83 0 
171 106 59 179 132 28 48 187 20 52 91 119 131 10 111 117 48 136 79 52 92 74 30 14 122 144 86 87 104 192 64 129 38 153 27 160 30 77 126 190 177 72 183 18 184 149 175 136 191 141 40 34 13 173 157 55 114 25 0 
88 186 119 182 198 118 98 71 162 190 171 99 175 158 12 54 71 110 19 145 23 83 91 34 52 103 150 148 85 124 188 65 24 35 128 55 43 116 119 69 107 17 113 138 49 82 172 59 108 163 59 84 104 63 68 141 63 88 121 0 
158 94 112 83 200 190 43 147 74 94 83 17 20 185 131 101 161 37 149 176 200 54 57 65 165 71 159 163 77 12 129 140 191 52 172 13 42 130 18 175 112 172 70 169 184 121 104 126 159 44 40 104 173 140 190 179 165 47 163 176 0 
199 137 114 145 67 118 14 152 134 188 25 129 21 90 14 193 11 119 138 192 188 55 32 170 40 86 165 15 88 186 139 169 165 44 88 182 124 91 199 112 193 29 134 75 98 156 129 187 51 184 156 74 192 195 90 89 149 55 99 65 100 0 
124 22 102 85 167 127 74 18 22 108 74 123 189 111 123 57 148 175 97 84 47 18 64 177 84 68 104 159 153 34 133 41 109 196 106 182 137 84 104 112 196 129 193 171 105 121 168 92 75 198 21 38 49 182 22 71 49 38 131 97 198 60 0 
123 28 197 19 33 189 129 11 46 52 195 135 52 11 63 69 58 135 111 149 87 83 59 79 102 118 126 146 76 61 113 40 54 113 113 169 73 139 98 23 180 115 53 137 112 163 93 182 194 133 90 70 138 112 106 150 77 194 45 88 44 86 51 0 
85 168 188 62 173 59 17 39 52 200 95 125 64 170 157 184 96 178 85 66 192 194 78 76 197 128 183 149 101 174 16 162 142 145 95 131 15 173 93 197 177 146 109 144 183 117 116 53 165 112 197 164 160 33 134 110 16 14 123 150 32 17 67 63 0 
78 16 28 194 26 22 74 102 50 128 112 109 99 122 93 143 112 65 86 156 178 161 20 165 114 46 115 193 49 124 82 137 107 188 180 153 116 178 55 50 182 78 10 106 176 68 34 155 146 10 111 90 78 135 188 109 118 90 18 58 187 114 45 45 92 0 
180 142 97 79 93 124 88 174 120 129 67 90 108 192 195 156 63 130 22 22 40 38 196 174 64 27 55 52 122 89 50 159 116 42 165 122 70 55 47 156 143 95 179 140 47 131 113 143 39 113 82 17 131 74 50 76 155 174 11 177 133 34 84 69 100 145 0 
100 163 69 87 180 182 98 50 107 186 154 43 48 49 171 87 196 95 27 57 153 39 58 55 97 10 40 115 132 153 56 123 116 56 33 46 198 90 186 18 94 200 132 117 113 11 108 149 116 52 43 196 20 119 49 15 194 20 92 161 137 80 119 76 79 10 27 0 
93 128 130 199 123 151 77 148 162 170 192 79 71 109 56 144 138 181 128 182 187 118 189 175 197 112 182 161 10 137 52 96 16 108 30 81 77 37 143 102 87 193 151 118 129 166 77 197 181 96 124 191 121 36 77 97 78 23 182 176 146 95 140 168 20 19 138 173 0 
89 24 102 76 157 140 102 50 187 182 102 23 98 14 32 174 46 82 27 76 47 101 183 104 77 52 20 17 160 96 144 60 43 172 29 174 45 149 148 174 95 44 27 71 118 194 177 111 117 179 25 139 13 192 153 23 175 44 91 61 153 154 196 29 128 191 101 172 21 0 
80 125 154 55 195 118 79 181 143 98 83 60 73 169 120 119 30 68 33 45 34 26 106 152 72 150 57 104 113 120 164 47 83 37 91 189 195 54 34 90 182 81 167 36 69 130 10 186 195 163 97 111 65 72 175 65 133 78 42 65 157 120 194 184 136 158 152 37 99 199 0 
46 136 187 163 109 130 170 173 182 177 143 120 176 169 45 65 172 153 88 108 148 161 111 103 173 49 172 117 73 93 63 106 180 136 58 196 81 29 45 172 44 147 67 157 156 170 66 16 78 157 74 60 153 127 129 132 41 190 148 20 153 181 23 135 136 178 173 62 178 17 77 0 
64 13 90 100 177 113 100 199 79 194 96 178 168 149 152 22 108 170 132 116 119 67 25 68 180 90 29 128 195 23 112 97 184 66 155 81 168 162 176 110 139 10 75 133 28 111 50 154 185 137 21 147 87 139 170 75 36 186 176 183 153 142 36 189 181 175 64 144 136 43 67 178 0 
90 150 49 17 76 164 80 176 108 177 32 200 57 64 107 74 190 136 91 176 96 116 196 184 114 141 99 179 73 176 80 139 148 50 112 148 73 35 121 111 80 185 147 80 28 35 182 37 46 112 12 111 41 30 11 55 149 130 149 177 105 191 39 144 105 82 127 132 59 106 60 130 24 0 
170 81 99 133 183 187 184 80 154 164 46 35 88 101 191 136 105 118 191 64 40 20 20 22 38 89 159 78 199 65 133 116 195 109 143 68 157 74 21 125 180 14 65 160 170 198 129 104 192 153 20 161 59 40 78 14 145 73 75 153 123 197 132 59 194 67 155 16 112 52 179 49 199 95 0 
80 134 76 74 194 35 115 73 141 180 141 22 96 59 153 145 151 158 175 132 47 11 107 182 82 105 143 143 52 38 81 57 155 137 199 120 119 163 161 177 99 98 14 85 68 75 123 132 191 195 53 52 80 90 34 139 89 182 143 191 70 98 38 74 44 136 24 157 180 30 82 188 13 24 18 0 
53 30 107 13 192 32 80 20 163 139 12 124 128 25 178 48 114 98 49 26 31 75 49 31 198 183 88 37 197 32 83 52 49 128 135 52 193 11 52 83 32 141 18 40 51 161 122 162 49 88 167 27 131 173 53 175 12 155 135 40 171 105 98 190 179 88 193 200 181 22 143 97 162 102 148 49 0 
162 199 103 143 126 142 57 94 57 61 36 99 35 140 75 89 16 192 158 35 155 25 126 20 93 195 195 46 104 65 61 195 137 124 37 50 190 23 57 16 137 82 139 73 49 29 125 18 28 154 44 52 46 45 169 65 169 68 195 96 104 137 162 157 145 139 175 162 35 34 17 141 147 47 191 13 52 0 
118 57 116 21 137 157 129 27 195 158 165 57 106 137 151 40 87 139 88 178 32 172 63 142 76 125 59 88 59 149 80 88 171 140 31 94 30 146 90 136 188 174 36 131 137 30 50 152 21 158 168 117 25 16 186 84 16 119 22 154 20 172 113 60 158 138 24 60 91 114 51 103 19 59 114 90 117 162 0 
183 76 183 155 77 151 109 70 16 36 79 44 197 96 77 200 134 78 109 78 99 20 174 141 77 179 127 121 80 15 113 159 28 68 22 142 159 157 24 148 52 113 109 26 97 45 28 165 61 128 145 23 137 135 131 129 189 43 100 75 115 175 56 128 143 104 200 14 98 128 53 102 146 185 37 124 195 140 159 0 
56 150 121 195 27 191 80 141 166 130 187 91 47 43 139 188 61 83 91 72 173 100 163 165 173 42 27 75 56 103 181 132 199 173 144 121 113 149 71 170 18 153 10 179 157 116 144 13 130 129 86 186 82 85 156 75 95 38 62 118 124 84 90 114 10 165 88 110 91 138 152 101 43 84 173 93 90 182 49 185 0 
92 128 16 19 143 70 65 166 160 42 76 165 182 61 196 101 20 140 101 114 196 163 72 166 69 27 147 22 22 57 77 97 101 132 19 88 39 73 123 159 59 44 149 38 168 42 183 71 128 136 14 92 109 159 200 22 152 77 163 145 91 24 108 106 86 60 164 33 76 56 43 123 47 113 23 105 78 20 27 127 135 0 
21 63 158 155 158 179 85 117 144 14 154 160 47 116 97 193 179 96 68 91 103 13 43 39 178 85 95 101 101 165 48 67 26 44 89 144 71 197 11 123 26 39 73 37 169 42 180 115 83 27 68 10 94 86 161 134 157 133 177 197 186 99 24 76 88 98 184 116 129 50 125 194 117 101 42 22 118 98 135 160 124 83 0 
179 153 105 30 89 150 86 46 78 52 23 51 85 156 26 84 126 59 40 73 167 32 123 195 91 76 103 159 38 42 89 157 45 72 185 79 151 157 17 186 130 49 42 80 114 186 197 200 169 75 54 43 155 138 160 122 49 57 61 55 43 123 105 24 93 99 51 105 131 161 127 112 87 51 154 106 186 192 100 80 153 64 84 0 
17 10 27 43 23 18 103 22 121 193 36 154 169 176 154 105 197 190 47 167 82 118 193 72 85 82 88 198 61 192 135 98 163 119 105 117 174 124 77 179 33 132 192 190 78 171 36 90 115 96 90 173 98 197 192 199 190 195 103 132 23 138 108 78 121 164 28 55 198 196 85 160 60 192 183 193 74 197 181 183 143 171 51 128 0 
33 59 12 186 85 46 39 25 192 30 141 107 190 87 10 60 51 83 198 167 169 38 165 10 65 15 38 16 153 69 179 132 22 124 179 107 118 106 99 92 41 50 51 50 191 158 55 135 159 188 15 194 86 15 181 130 130 105 109 169 171 68 186 60 40 197 33 132 150 83 182 86 89 132 54 67 90 108 169 22 38 99 181 106 165 0 
195 71 115 154 50 38 118 119 57 194 61 69 63 183 70 133 176 128 115 107 162 127 121 13 33 48 194 122 109 115 55 24 42 27 169 18 77 45 15 75 200 196 183 69 179 34 169 151 117 163 155 13 50 100 24 28 197 16 135 68 163 49 128 121 18 126 94 106 110 54 185 116 155 81 58 177 122 141 72 30 26 24 79 48 155 165 0 
184 167 195 53 59 51 30 34 187 163 194 138 146 39 60 135 158 120 145 126 100 164 151 105 80 197 23 37 145 46 134 40 87 32 174 91 85 48 163 145 148 72 58 38 41 190 143 144 18 82 171 94 177 70 34 44 100 185 108 104 75 148 117 57 136 108 95 111 83 130 74 37 67 104 16 148 63 98 10 23 73 170 27 115 122 172 35 0 
76 22 164 100 166 158 128 110 27 33 124 49 159 15 157 112 71 96 28 114 55 167 105 177 174 175 100 94 132 56 57 15 181 14 68 102 54 187 135 65 167 181 63 18 159 164 51 109 198 11 169 26 196 165 60 154 56 124 196 136 196 52 57 10 116 103 198 120 181 160 114 158 161 183 167 114 102 72 145 35 11 181 84 162 38 91 128 197 0 
153 103 189 145 136 167 141 175 122 192 51 140 62 109 61 24 155 24 96 200 11 12 82 134 169 121 131 18 119 200 72 75 77 182 73 163 182 109 120 61 86 15 175 118 102 112 28 52 15 91 106 166 129 165 124 116 198 130 102 82 121 41 39 77 183 84 153 20 109 90 194 37 26 56 161 41 190 152 109 162 191 121 121 149 93 14 197 89 112 0 
40 121 94 95 98 163 12 188 137 13 36 95 94 55 142 170 17 15 181 163 13 125 161 198 128 57 107 101 153 160 123 60 115 141 139 173 198 62 100 172 194 178 61 32 163 72 63 54 31 170 144 76 23 146 30 61 131 117 119 162 150 51 54 86 193 33 197 151 39 130 48 62 147 52 94 84 27 66 188 144 12 187 50 97 70 64 127 136 190 30 0 
28 121 22 65 55 28 99 148 58 37 163 181 90 76 25 87 100 90 50 116 23 185 124 11 177 76 16 70 155 34 148 74 172 72 146 104 21 99 122 91 51 94 19 79 58 180 80 87 84 32 142 53 103 87 107 121 11 163 33 75 29 40 173 170 148 84 174 81 105 149 68 41 192 131 140 26 119 60 21 78 122 109 32 34 99 136 90 165 145 90 166 0 
149 90 38 60 169 196 139 184 89 175 39 158 151 71 62 88 108 136 57 139 188 41 63 44 94 72 170 95 197 176 152 77 178 77 102 182 43 105 26 191 139 99 151 68 135 175 166 135 157 154 43 33 177 26 147 39 127 113 158 105 188 165 72 121 89 81 187 188 63 25 101 135 200 132 158 42 85 46 55 56 137 157 139 91 87 16 90 20 142 168 75 107 0 
86 144 102 161 82 194 161 68 157 149 167 154 67 109 119 10 40 194 169 38 54 113 150 64 41 100 141 75 173 41 115 23 51 111 139 72 31 16 93 151 199 86 39 30 49 32 127 148 164 100 55 165 185 57 191 117 47 197 45 43 134 165 39 25 65 81 199 156 121 96 114 131 37 98 61 96 36 144 58 87 84 19 50 100 53 61 165 194 123 187 123 19 148 0 
133 100 198 186 129 116 101 27 43 133 87 71 168 88 37 123 94 180 84 182 119 145 186 168 181 40 176 173 41 195 99 141 157 74 192 155 16 150 73 22 168 40 185 168 24 159 144 127 86 63 61 185 193 20 95 116 191 93 138 162 40 151 93 117 143 10 164 163 52 33 199 126 155 78 179 141 179 103 107 13 131 81 100 88 115 101 165 60 102 191 164 79 133 120 0 
116 165 78 31 163 127 34 55 52 58 106 190 164 61 172 70 161 43 187 68 186 176 13 46 59 117 81 33 57 58 90 178 42 108 166 74 84 159 57 74 123 168 53 81 130 170 133 89 108 72 124 41 100 45 76 103 159 77 11 152 184 18 15 74 191 145 111 54 98 184 136 115 67 106 155 18 120 44 16 166 76 118 58 35 79 195 188 15 28 134 87 184 193 78 81 0 
182 20 143 113 59 43 191 68 75 123 131 196 93 168 180 148 121 189 91 67 183 104 105 17 185 100 92 137 147 85 34 198 83 137 101 105 113 32 192 138 64 200 56 191 69 38 115 77 21 71 178 54 153 182 190 171 22 16 98 24 139 75 190 96 154 126 38 50 121 25 138 54 75 132 118 125 48 55 139 40 151 56 115 90 81 95 95 114 96 57 139 136 153 45 81 43 0 
135 93 100 182 86 16 154 167 157 113 118 114 39 127 197 63 21 127 172 176 83 114 72 93 119 136 105 121 108 67 159 76 51 66 117 43 138 46 95 25 122 194 126 93 146 199 49 11 174 55 115 196 65 48 81 81 111 181 30 65 109 80 88 154 190 165 60 189 15 28 185 56 169 142 166 81 140 191 200 161 168 158 71 100 34 12 58 86 69 180 113 140 39 177 195 192 151 0 
28 20 10 41 107 151 176 86 109 57 87 12 57 76 131 119 198 57 185 32 158 64 190 84 74 106 69 123 199 153 86 16 183 145 70 164 12 93 127 159 14 126 170 71 94 94 58 111 180 42 162 37 46 155 22 90 197 55 54 30 118 166 33 166 112 63 107 67 186 82 115 90 157 80 102 40 134 86 80 124 166 177 152 151 42 127 43 175 38 81 48 15 11 180 44 133 16 63 0 
103 17 54 142 124 162 127 42 48 114 52 44 11 150 161 63 186 65 121 83 39 108 126 163 16 139 161 43 98 113 72 190 113 128 133 32 118 132 21 200 80 28 48 79 133 200 112 132 124 172 126 200 145 102 194 84 153 49 116 101 117 169 31 69 77 161 195 179 166 96 173 122 14 119 196 168 173 188 77 57 108 67 81 197 33 106 196 92 191 53 22 101 94 48 53 120 180 158 173 0 
189 133 139 16 76 116 184 164 169 191 181 48 171 185 99 121 95 103 192 127 90 141 169 132 161 159 81 97 85 75 173 199 118 192 41 153 85 121 87 37 167 83 156 24 61 147 190 81 78 152 40 26 179 132 54 145 184 147 102 164 188 144 149 152 66 196 174 163 149 44 18 35 52 19 77 55 168 39 46 44 184 150 119 95 189 140 171 128 18 17 150 83 133 90 150 52 124 30 20 69 0 
80 141 145 140 150 90 34 72 184 123 70 83 105 12 77 23 145 130 68 182 150 184 22 91 109 110 127 50 98 147 71 124 13 142 108 64 174 17 22 84 119 30 136 39 59 136 89 122 62 43 102 125 66 108 127 84 142 102 150 17 99 103 120 200 145 61 38 103 142 101 81 57 20 134 61 129 32 52 135 133 12 14 36 78 128 196 194 188 12 196 15 176 141 127 156 122 186 70 130 180 50 0 
178 187 179 104 93 27 12 48 143 185 89 180 148 39 98 180 60 70 127 12 80 148 84 141 106 151 43 159 47 27 184 139 164 162 35 41 75 56 136 168 115 152 143 144 140 187 37 96 122 164 122 13 71 163 73 28 199 40 124 113 125 104 123 51 107 94 27 114 106 18 177 189 77 12 22 28 195 189 17 79 87 109 51 58 119 143 176 183 115 112 103 76 19 53 169 138 140 148 81 190 63 74 0 
102 157 131 118 159 142 98 81 120 149 76 101 17 18 65 174 184 32 165 56 160 114 115 193 16 84 180 163 42 60 48 12 169 59 40 114 58 94 36 176 27 126 142 145 120 119 100 32 147 54 200 174 13 165 107 126 21 128 82 161 63 101 86 41 106 72 45 179 86 137 101 190 159 167 145 12 146 154 148 78 38 112 25 159 38 170 56 168 163 130 73 63 149 81 41 88 29 44 85 127 29 153 175 0 
171 43 35 21 187 180 176 84 74 16 39 61 22 32 98 30 80 185 78 170 133 177 82 165 78 13 58 113 180 178 111 109 78 104 11 43 26 118 74 27 130 17 162 140 76 196 22 158 68 96 97 64 198 126 182 61 35 188 102 96 68 68 26 164 105 129 87 185 154 40 188 41 133 37 62 105 45 179 29 139 127 106 106 185 161 189 19 185 185 132 48 85 65 150 42 138 69 166 130 102 127 98 88 53 0 
19 29 133 33 184 154 64 137 99 135 62 123 30 16 20 170 39 177 54 89 138 13 119 98 42 100 198 86 134 34 188 154 64 54 181 13 20 35 187 173 85 181 150 166 186 192 110 50 168 124 160 123 113 140 88 193 164 124 86 172 76 60 43 125 31 18 118 67 92 190 111 32 111 29 103 22 172 77 55 93 187 186 103 63 199 16 172 60 172 129 32 74 26 64 125 107 141 126 101 102 55 117 43 189 102 0 
91 81 189 140 104 191 34 91 48 114 78 86 55 120 94 178 200 158 22 15 85 169 190 132 177 189 192 99 10 127 23 183 129 66 105 19 176 51 106 17 130 171 79 24 170 176 82 172 93 38 85 124 54 13 13 28 85 23 130 130 109 76 103 23 91 194 178 175 101 176 101 13 36 92 158 51 75 19 133 120 22 76 171 125 128 190 95 54 106 175 150 130 28 198 77 72 16 182 52 135 89 24 121 77 65 60 0 
184 71 196 165 175 160 106 81 178 96 187 105 32 193 36 130 92 112 102 37 153 69 170 80 18 91 193 148 111 42 164 97 14 120 101 68 112 126 166 196 60 119 112 56 40 50 96 151 139 100 154 181 184 59 156 53 71 101 92 129 174 116 102 96 142 99 197 19 98 18 174 185 164 71 175 71 56 189 131 141 200 58 137 51 196 192 58 175 94 138 89 120 161 163 164 45 10 40 158 158 145 78 103 196 183 167 83 0 
37 187 15 179 38 114 171 68 80 44 57 33 133 97 170 46 193 15 51 166 147 125 30 47 119 152 114 161 66 32 16 119 173 63 118 48 193 101 77 89 141 93 178 115 66 10 79 99 187 31 188 41 145 90 93 132 143 87 48 36 29 81 92 125 189 125 147 130 46 18 86 24 125 140 170 58 23 56 199 20 77 144 55 121 113 188 147 32 44 68 72 27 138 74 40 40 59 25 76 127 151 104 86 36 72 45 71 18 0 
191 195 12 106 54 61 33 75 34 196 152 23 78 119 62 33 114 186 13 166 20 153 121 148 45 180 73 10 18 91 66 57 48 114 176 122 27 32 23 13 55 71 98 14 142 78 92 148 128 180 36 74 197 20 14 132 118 110 163 49 193 194 40 143 99 22 135 101 99 69 112 94 190 42 30 178 62 108 194 36 116 194 164 35 43 100 74 27 119 107 76 82 176 170 195 28 123 101 132 148 133 153 137 30 176 121 132 189 47 0 
100 170 102 196 87 125 143 50 11 181 171 12 162 63 160 167 155 141 25 40 28 12 142 182 89 69 63 15 156 144 17 133 166 124 76 50 182 135 117 168 191 119 45 106 173 75 140 59 70 192 177 166 36 45 25 167 147 134 114 61 41 190 56 162 127 190 146 147 198 91 127 63 137 23 142 138 146 143 170 50 148 122 110 98 159 118 96 41 75 95 56 153 15 89 95 188 99 131 164 32 119 139 155 139 112 68 158 157 73 124 0 
68 13 70 155 100 21 11 66 23 83 115 188 65 75 20 122 162 161 26 84 11 56 55 82 37 150 144 25 138 94 172 95 94 71 109 82 100 43 26 94 197 57 16 171 173 164 121 102 49 178 132 11 160 168 68 181 98 15 68 122 199 122 78 31 141 106 174 121 117 28 64 131 160 10 154 86 180 27 95 162 116 99 71 44 61 168 51 21 127 161 171 113 65 37 47 176 116 160 21 169 141 28 126 186 162 42 113 91 140 42 179 0 
46 76 14 179 125 80 135 99 117 131 141 192 104 108 89 19 132 172 160 129 133 69 150 82 182 195 39 124 122 94 171 196 167 190 138 57 117 72 77 55 93 138 146 100 28 146 197 73 86 54 164 65 194 90 117 129 106 87 54 129 85 101 195 12 152 61 90 14 63 81 180 87 101 84 50 43 151 61 138 189 194 96 126 32 161 120 181 97 116 45 24 36 91 192 98 63 108 189 133 122 119 182 48 100 152 22 175 36 10 124 179 37 0 
77 133 131 89 49 20 144 24 76 131 76 147 75 154 117 18 188 200 85 16 45 36 172 66 100 162 96 57 19 172 76 128 174 57 50 30 64 68 169 143 181 76 65 44 31 187 138 131 190 77 117 113 75 105 57 94 10 127 105 153 177 93 177 34 162 125 147 49 45 185 91 184 106 155 169 109 15 181 121 43 49 149 15 86 164 103 83 192 106 151 95 102 86 117 79 15 176 119 177 126 46 13 160 162 104 111 34 51 29 71 33 28 155 0 
32 18 158 170 91 166 107 94 95 128 173 39 199 103 159 88 185 39 166 38 66 16 146 83 187 59 100 35 198 45 184 62 120 75 38 48 75 64 192 185 176 192 167 54 181 26 98 76 180 15 160 34 101 123 191 158 130 173 151 156 49 192 183 126 142 93 188 131 59 82 121 76 166 65 192 113 53 192 154 191 146 147 137 19 150 189 112 10 179 68 92 34 130 183 95 147 141 153 26 67 181 99 90 61 68 160 160 112 10 42 85 51 36 88 0 
11 102 128 16 171 141 39 109 154 184 20 41 68 181 141 151 92 192 192 84 12 156 145 38 150 48 117 181 87 80 155 188 102 162 142 79 144 37 74 43 105 111 171 155 73 71 133 108 60 11 119 17 76 12 122 157 174 110 85 105 97 166 86 52 42 55 134 110 63 174 149 118 149 160 33 48 55 53 179 116 161 28 93 192 15 54 175 57 17 147 189 102 163 38 168 108 156 128 76 83 20 65 131 196 97 73 141 61 195 32 136 94 199 13 140 0 
170 140 33 108 44 161 171 136 31 113 166 48 11 141 47 29 125 102 130 148 115 103 166 142 41 17 179 163 159 85 90 36 81 142 163 109 14 106 17 154 139 10 128 90 68 97 133 72 130 90 194 40 99 137 141 163 42 143 120 110 128 126 107 163 87 169 125 142 179 115 104 111 185 124 125 160 181 159 186 18 101 160 85 39 65 51 36 180 36 60 87 191 27 88 102 32 177 156 125 174 123 193 195 88 183 146 19 179 73 139 18 168 113 123 173 130 0 
180 176 104 163 103 126 74 22 174 90 80 120 160 183 146 179 57 133 80 179 149 56 31 174 165 141 103 53 170 196 133 57 160 161 20 111 105 86 192 170 45 161 63 176 162 56 59 61 189 145 130 80 124 121 67 167 143 112 77 118 54 46 196 42 42 51 94 143 117 30 62 20 137 26 121 162 87 120 183 94 149 108 149 113 30 191 58 174 183 176 182 103 64 71 84 89 115 131 199 135 199 60 117 25 26 137 66 117 73 84 151 182 113 58 159 188 79 0 
61 116 183 72 90 128 29 119 147 134 117 185 73 121 179 21 112 167 66 187 172 170 27 51 109 47 78 41 196 21 124 168 96 17 72 137 47 143 53 97 77 127 142 60 156 189 43 199 135 185 105 186 48 98 179 107 109 91 162 13 163 65 129 160 143 119 123 105 60 67 85 63 63 37 64 156 191 59 176 24 90 49 83 117 153 29 108 144 47 83 31 169 17 190 23 104 191 198 105 115 14 186 55 193 61 127 53 42 27 184 42 113 30 28 173 174 43 122 0 
59 116 93 41 42 37 75 193 161 176 30 40 191 29 30 195 27 89 157 124 112 194 138 23 35 121 117 92 67 188 123 184 145 142 91 92 88 114 126 90 36 10 41 58 200 170 156 180 197 114 76 14 124 80 188 132 32 192 194 155 154 26 122 22 45 122 33 115 60 91 49 89 171 22 30 66 137 23 11 178 101 101 28 17 164 65 139 88 72 53 75 49 103 57 160 137 186 71 166 77 24 169 97 84 70 63 170 32 15 88 46 94 15 54 76 199 186 72 140 0 
109 122 131 131 63 165 187 109 73 48 68 39 139 31 110 36 107 150 37 116 75 32 115 92 177 159 154 94 42 141 183 72 149 41 198 200 157 53 78 105 83 167 177 200 26 86 166 148 43 141 114 184 68 62 57 13 27 14 109 79 134 191 164 34 44 198 145 47 139 136 21 78 115 114 93 94 12 41 187 27 91 53 86 41 13 160 80 61 18 92 29 47 23 149 37 151 33 193 65 154 57 107 147 18 125 91 92 52 123 72 151 181 79 53 179 55 169 131 89 47 0 
154 147 75 130 158 195 92 151 136 186 145 31 157 28 82 27 60 170 196 15 164 198 95 101 134 165 100 10 117 82 80 167 168 88 182 191 71 97 26 127 113 24 10 58 101 132 102 19 11 130 27 13 28 115 91 26 192 114 112 102 194 15 192 135 41 25 73 19 90 41 155 137 191 121 100 193 44 70 55 128 29 97 81 76 21 107 10 30 155 79 126 105 104 47 107 43 119 11 91 68 170 148 192 46 125 72 44 104 153 170 32 45 89 135 13 132 157 170 43 176 132 0 
20 184 36 50 64 110 96 164 50 125 20 63 93 154 134 135 99 143 119 120 107 49 30 62 24 88 48 110 144 68 59 162 36 159 110 146 168 193 159 190 63 36 181 115 200 86 26 135 60 92 132 113 137 107 105 116 120 126 108 119 69 183 105 105 187 192 149 90 163 198 69 173 72 39 89 20 37 159 75 111 85 16 34 58 164 130 161 100 190 103 150 22 137 14 99 198 118 48 140 61 163 110 109 57 173 87 38 167 131 63 125 192 90 51 19 101 177 87 64 113 168 110 0 
192 132 139 52 10 40 74 17 156 191 193 185 86 76 68 38 116 16 34 68 20 150 134 145 198 79 194 16 140 60 51 81 23 27 16 43 136 32 161 34 112 140 200 109 23 65 106 173 189 173 164 177 163 12 91 114 22 139 47 140 190 166 96 193 192 80 83 48 119 141 184 60 96 141 143 105 98 135 43 116 165 99 49 126 28 63 185 75 58 72 74 112 161 180 13 77 21 39 106 142 156 144 31 65 140 138 164 31 13 139 11 158 123 149 128 179 184 155 184 26 189 153 119 0 
138 25 17 76 61 191 99 29 35 162 135 61 185 52 150 123 128 191 172 135 115 160 17 64 82 154 151 16 131 153 146 124 180 175 55 175 26 167 198 137 12 156 161 198 179 195 21 35 148 138 34 53 79 23 68 137 160 176 101 65 63 161 63 95 113 56 20 28 74 137 132 169 17 179 35 136 23 174 105 159 120 138 32 77 50 120 123 55 88 188 93 143 26 178 58 107 186 156 162 180 148 35 133 121 118 104 192 119 69 142 91 159 22 112 94 54 181 41 117 78 45 64 97 47 0 
92 139 164 185 96 157 177 111 183 145 66 65 178 183 14 176 103 38 196 14 27 96 77 25 89 17 30 180 58 32 58 101 165 85 98 58 157 146 20 53 92 87 146 133 46 19 163 198 35 108 155 105 129 165 78 198 126 67 121 160 11 121 122 86 21 147 29 26 180 59 129 120 157 54 130 183 12 124 156 167 13 151 108 182 17 174 178 68 27 198 177 45 99 126 23 44 11 148 109 106 181 171 191 69 138 128 101 22 99 34 64 181 103 200 119 122 23 84 173 143 82 127 106 175 125 0 
101 102 153 168 166 180 110 14 124 10 58 185 94 131 25 63 34 174 15 73 78 124 22 125 50 123 151 20 132 177 71 38 138 197 137 122 141 60 10 179 13 21 189 143 70 48 159 166 104 184 170 16 55 116 171 58 65 74 137 199 76 93 108 128 14 137 146 19 149 145 41 144 191 70 195 19 71 154 31 108 48 111 19 126 97 106 194 153 96 71 88 103 185 19 32 116 65 26 97 194 92 16 91 32 87 43 176 107 177 113 120 159 78 89 191 23 184 26 174 52 15 159 183 80 183 122 0 
35 79 83 129 195 31 20 143 199 51 133 35 51 111 89 79 123 125 159 92 197 193 48 197 191 51 101 136 118 180 166 194 63 59 70 105 46 135 120 32 97 83 83 155 107 17 61 179 130 154 19 127 75 95 200 17 107 117 181 65 64 26 137 184 76 17 27 167 187 80 60 34 51 84 12 50 64 189 73 38 10 162 165 185 163 155 32 73 35 43 58 71 91 172 136 83 35 53 86 88 176 45 41 47 164 123 25 186 95 87 145 158 88 109 16 120 102 79 166 154 57 181 106 142 163 66 134 0 
150 152 163 141 79 124 63 55 146 158 168 151 34 112 194 59 196 126 155 69 17 41 50 56 124 94 96 90 39 112 124 60 145 162 150 31 38 42 144 30 131 169 65 19 96 191 10 95 80 156 176 170 95 55 170 154 103 161 38 176 65 55 169 16 98 136 62 72 148 42 73 82 171 199 52 121 129 179 37 105 170 187 157 75 98 68 133 127 154 31 195 118 70 11 14 168 106 56 63 23 104 27 76 16 95 102 127 23 174 67 60 188 126 141 37 109 151 83 58 190 86 80 162 75 75 64 12 12 0 
40 22 55 180 108 89 111 99 188 189 33 92 187 11 180 97 34 70 85 48 147 88 58 162 17 178 99 104 148 89 79 90 110 172 113 126 179 64 183 106 73 148 88 121 28 93 147 185 126 184 146 101 45 140 126 114 92 71 80 15 68 155 138 102 13 81 19 11 170 96 153 90 124 196 147 137 157 59 27 149 193 61 133 160 69 109 84 139 35 137 56 162 183 111 166 193 143 113 78 125 103 51 196 34 47 160 42 172 130 72 135 168 186 78 200 41 122 60 97 161 99 73 146 125 145 169 89 179 48 0 
20 84 187 84 78 150 90 185 19 61 110 44 96 61 118 122 74 182 30 133 159 42 157 37 102 26 169 119 24 78 128 86 157 83 161 152 76 85 13 15 126 151 152 86 161 88 97 66 44 187 162 43 138 137 108 44 189 112 166 180 133 24 119 160 183 172 162 150 83 81 148 176 107 170 124 157 140 93 44 13 185 185 112 73 57 14 132 99 152 189 135 85 57 45 63 167 116 81 55 163 61 80 198 100 75 135 43 10 70 66 93 76 123 32 192 12 34 89 158 102 65 149 134 83 59 58 198 16 62 20 0 
138 33 112 140 98 141 174 25 128 97 184 45 89 23 154 144 31 127 47 188 187 18 86 94 19 176 14 97 109 184 199 20 38 14 94 119 164 156 148 21 90 56 196 135 38 134 163 189 92 123 192 185 189 47 52 121 101 148 111 118 36 164 140 58 96 182 59 99 122 189 117 172 169 79 180 156 91 183 80 132 83 64 93 160 200 194 110 33 79 41 21 36 31 38 194 110 192 109 193 102 171 26 101 36 126 161 81 178 136 169 182 147 185 172 146 151 63 66 161 140 47 66 194 99 11 15 102 113 90 99 38 0 
61 51 160 20 96 100 193 68 17 151 62 36 67 12 189 109 79 76 96 35 157 47 160 161 153 112 199 103 173 198 17 200 105 87 179 27 23 61 163 71 31 153 156 137 69 141 129 93 61 63 116 44 52 21 45 81 144 191 112 195 195 19 167 142 194 107 108 142 36 144 32 140 71 131 71 189 97 74 183 187 113 33 20 25 37 193 55 98 16 76 73 138 182 141 55 23 65 147 33 107 72 87 121 92 55 154 141 31 28 85 15 174 147 142 150 85 140 93 194 88 20 182 182 191 37 45 10 101 122 116 161 12 0 
64 79 146 73 146 138 45 145 59 139 161 42 96 97 185 46 181 106 103 49 117 85 68 175 72 128 188 136 91 23 113 113 176 117 25 60 187 130 45 16 167 158 63 111 20 110 153 32 104 198 47 96 104 101 89 12 172 183 197 123 181 163 199 74 103 24 143 105 54 159 145 113 42 46 183 59 157 57 153 70 20 16 119 169 190 30 61 34 71 181 89 85 198 13 126 90 124 21 125 62 43 53 58 33 56 43 106 57 17 50 54 16 147 39 37 127 144 105 70 125 164 12 102 60 125 50 73 164 78 74 47 137 89 0 
144 90 32 39 48 77 191 84 58 193 45 12 108 196 108 94 79 37 161 150 88 130 113 115 137 41 170 140 23 108 11 79 40 46 23 29 59 192 175 183 166 149 77 29 87 186 131 65 81 149 133 131 191 168 115 30 142 67 23 176 176 56 19 42 175 43 129 130 151 104 66 25 74 137 54 81 30 117 134 40 172 108 124 179 138 127 34 32 15 38 96 126 192 81 120 118 23 177 61 158 73 139 155 124 12 162 130 124 39 137 87 128 44 95 73 186 36 193 166 134 155 137 185 16 29 180 23 52 180 69 68 168 192 87 0 
33 83 154 179 91 185 136 143 194 66 155 51 90 18 192 38 135 81 49 174 193 31 87 148 126 136 26 63 78 25 162 165 110 134 148 98 30 63 46 196 138 33 164 108 23 38 180 169 25 58 79 92 82 189 20 143 196 103 186 78 34 147 83 94 34 37 64 30 136 109 173 24 11 50 146 111 36 83 104 125 58 190 71 186 81 164 83 174 59 132 131 147 102 134 63 67 34 52 89 106 63 192 122 147 177 102 48 48 110 124 45 197 11 158 37 135 109 171 68 49 179 124 192 109 58 161 186 179 115 188 185 16 161 49 47 0 
14 126 168 170 187 35 137 42 15 142 29 195 28 50 69 72 100 45 187 49 131 65 53 128 87 30 57 147 115 194 193 13 112 116 71 32 135 28 191 53 115 74 10 186 162 106 116 26 167 48 32 23 166 11 96 69 60 39 161 37 22 142 81 133 80 134 181 144 68 163 118 141 144 58 68 120 118 42 195 24 36 64 93 195 13 126 45 60 167 54 137 54 150 108 98 80 188 142 66 137 33 183 137 115 196 156 130 25 97 190 77 137 18 145 41 47 70 136 49 139 71 71 61 98 34 127 155 159 177 144 156 137 54 182 111 110 0 
95 125 67 99 47 89 136 124 23 176 148 166 87 50 188 65 138 136 155 159 15 157 179 199 104 103 17 82 53 137 77 56 136 147 165 111 146 62 82 162 49 146 102 145 188 37 127 151 137 141 126 170 124 157 186 42 101 56 195 181 121 98 128 129 138 66 92 24 66 62 160 43 105 193 75 13 44 134 118 99 187 43 68 123 98 119 181 105 182 59 167 138 176 120 23 187 156 149 115 16 86 114 142 196 149 146 61 73 130 165 170 16 122 170 182 197 87 157 170 87 127 102 26 117 123 90 90 173 150 93 177 70 74 117 51 82 129 0 
175 146 174 87 145 102 103 140 197 124 36 60 125 155 39 199 193 166 169 25 163 48 107 152 115 149 67 144 106 82 48 58 192 153 164 94 64 176 114 29 60 199 161 115 141 78 22 89 180 116 82 84 19 133 64 172 35 109 29 145 183 112 107 15 192 109 153 40 106 59 43 52 57 194 126 164 126 149 36 194 189 36 45 190 47 175 44 122 98 119 77 65 47 122 107 194 193 180 45 64 89 137 172 17 44 36 60 13 83 36 26 171 177 98 132 111 78 115 63 17 102 173 11 127 17 77 109 172 119 150 21 14 126 98 68 35 142 43 0 
80 129 77 31 111 116 147 128 113 47 177 175 66 73 139 184 23 74 93 89 154 151 71 15 23 76 139 39 30 198 96 42 165 65 119 32 27 101 63 191 169 36 47 107 198 78 91 111 105 86 55 62 183 67 48 150 16 70 35 153 57 27 107 50 11 53 115 134 43 74 59 17 78 32 134 173 115 15 176 40 189 149 138 138 121 33 67 72 52 167 136 130 170 165 37 92 109 33 22 90 97 101 22 73 64 158 124 121 167 23 196 190 69 21 27 71 55 100 133 197 177 137 109 163 106 164 13 167 149 54 12 109 63 199 187 86 198 197 176 0 
23 136 124 53 70 132 143 31 97 53 79 163 29 196 152 76 84 49 153 190 154 77 20 34 98 25 191 164 70 157 52 145 34 190 20 113 131 24 142 80 136 75 83 104 138 15 90 114 174 122 34 96 83 178 83 76 160 12 131 91 64 149 179 92 149 32 110 156 86 39 32 79 91 94 48 61 155 111 77 60 145 37 198 142 72 54 139 115 169 55 122 141 159 139 141 125 105 193 72 79 145 11 123 157 36 164 73 64 156 166 101 113 36 182 96 62 33 30 54 113 75 55 51 99 88 139 165 136 76 155 100 172 68 11 118 22 15 189 38 63 0 
103 159 141 141 177 34 198 86 27 189 139 126 87 20 192 134 95 153 81 55 186 58 49 184 145 158 46 110 100 144 143 31 61 41 68 89 105 86 25 102 109 31 130 199 170 167 97 168 46 136 92 184 68 131 189 195 135 183 42 70 104 180 79 134 35 11 133 165 135 73 46 69 141 35 104 17 76 75 172 60 95 101 121 72 198 61 49 31 65 144 31 181 145 92 174 155 134 169 187 35 94 132 147 53 129 104 109 104 49 163 22 112 121 194 159 181 54 61 13 82 171 170 145 91 189 106 111 160 34 119 127 189 192 86 141 95 85 149 108 113 113 0 
92 49 141 138 108 92 51 37 56 18 151 70 45 105 76 66 32 12 83 108 197 22 132 140 64 60 54 169 32 32 39 67 63 125 64 115 79 97 177 148 70 83 132 53 145 171 141 95 46 134 57 135 48 75 91 51 124 140 111 87 121 71 54 148 86 177 94 63 197 77 160 183 159 198 184 64 108 91 43 62 165 89 68 71 80 126 95 123 62 77 170 132 165 153 18 169 124 101 174 15 30 170 199 176 10 12 55 92 81 97 178 119 126 32 121 119 190 91 39 143 104 175 40 153 187 13 96 172 188 10 103 160 78 198 56 107 79 149 126 101 53 143 0 
120 116 20 67 25 25 83 138 128 92 74 93 61 105 76 91 33 100 145 30 120 133 163 188 120 176 154 59 178 57 57 14 145 102 138 108 167 39 84 72 169 47 84 118 41 185 195 79 31 76 50 145 96 53 153 81 59 83 38 147 130 57 161 29 66 79 106 140 33 43 52 166 110 180 12 55 39 56 91 44 98 41 93 58 127 103 153 190 165 15 109 71 12 99 77 136 164 85 23 22 77 72 184 154 62 65 180 145 106 40 41 159 93 118 188 117 177 37 32 127 58 129 50 154 39 147 48 158 151 69 181 114 129 86 195 142 35 17 197 149 129 51 46 0 
97 200 163 92 69 191 172 50 126 148 90 67 182 181 100 16 173 147 106 175 38 148 70 160 44 27 200 119 81 43 190 60 193 97 198 59 114 187 102 37 43 184 173 97 122 63 57 169 55 170 10 73 150 93 167 95 42 102 175 61 151 24 133 39 111 177 45 128 93 117 176 115 48 185 144 171 158 16 79 198 157 183 115 96 197 130 126 168 156 40 200 170 114 157 59 33 38 88 14 81 74 41 95 161 94 117 126 192 126 113 33 87 133 109 182 189 100 180 82 159 165 52 142 15 160 47 182 125 76 25 196 61 108 129 145 98 141 83 113 104 31 70 115 131 0 
126 111 191 182 140 72 155 170 61 37 87 141 122 200 135 160 110 25 155 157 71 70 109 80 161 66 162 168 24 190 40 179 76 141 172 14 188 135 176 120 65 165 154 110 170 37 75 11 100 151 130 130 187 15 170 172 106 155 83 181 178 91 49 189 114 200 99 193 188 21 113 198 83 69 35 70 16 92 77 13 75 59 93 51 64 182 100 126 72 45 103 147 113 143 101 36 101 89 190 104 155 183 135 70 61 136 185 165 190 29 97 183 139 40 170 71 138 166 110 194 29 84 123 40 10 131 78 76 160 57 69 16 66 199 149 110 120 153 20 17 29 21 77 57 151 0 
26 134 70 145 137 159 184 29 15 98 86 158 112 187 82 90 189 116 149 153 13 86 48 40 120 129 161 79 75 153 146 138 152 89 131 86 119 64 137 170 91 155 19 86 25 181 42 130 19 105 51 77 93 48 132 170 176 190 178 59 11 53 86 196 118 11 59 128 195 173 32 177 133 49 195 56 87 141 127 58 139 138 199 138 168 163 116 63 119 197 49 153 45 41 134 48 159 184 95 36 135 180 111 179 189 94 87 80 156 154 116 174 174 180 19 131 187 45 166 192 188 189 180 132 63 189 108 127 44 172 85 154 99 163 159 138 134 184 100 28 194 124 108 67 101 58 0 
138 137 34 143 13 55 123 185 155 85 64 157 60 77 85 140 130 59 67 131 126 193 136 24 81 168 25 112 50 111 177 160 146 15 123 13 79 68 113 184 79 175 160 164 133 173 88 162 10 72 33 73 55 97 93 191 101 12 60 83 41 129 23 140 157 41 124 111 46 171 120 53 28 26 49 25 139 32 49 153 154 47 143 160 135 162 39 94 125 31 137 189 11 103 12 170 30 13 193 109 185 176 102 168 148 82 191 23 161 151 84 175 124 21 149 20 188 128 178 188 173 31 128 17 27 173 75 38 133 80 73 191 191 64 127 75 178 147 15 53 79 176 55 112 189 135 141 0 
180 198 148 171 98 62 93 148 179 27 128 90 131 183 62 130 30 172 114 186 151 157 175 25 19 173 156 158 110 86 174 176 50 138 192 35 180 108 44 122 84 184 199 91 190 89 108 94 57 159 49 140 112 171 65 119 171 171 109 148 99 64 160 137 95 189 52 46 176 48 107 63 121 106 122 27 191 60 44 47 117 175 188 104 17 85 74 192 138 122 104 77 113 21 129 86 21 29 160 103 179 78 117 154 130 29 39 91 63 35 86 173 184 42 95 30 154 79 29 113 161 21 23 63 77 74 29 64 105 15 36 125 57 14 199 57 40 20 181 37 145 103 12 64 150 101 146 83 0 
141 62 10 86 68 21 179 101 18 26 12 39 36 180 22 110 46 54 40 125 29 115 33 101 56 68 158 44 82 67 178 200 111 59 89 62 150 66 53 91 130 19 168 132 114 146 14 10 19 16 30 151 56 26 170 25 122 71 57 146 158 46 182 39 191 68 125 97 139 53 117 23 68 196 95 111 194 99 11 181 169 44 166 177 32 61 61 39 106 151 193 126 135 93 200 147 94 68 180 34 156 54 186 140 35 117 131 23 71 117 74 78 70 177 144 179 127 183 149 96 76 19 90 29 199 46 42 172 30 97 85 58 26 194 47 86 59 88 159 157 36 164 76 106 182 32 98 120 46 0 
116 61 134 198 136 116 55 136 170 29 159 167 144 185 147 120 166 70 64 179 147 186 30 36 17 101 153 14 142 108 193 118 93 75 177 25 47 46 102 83 153 92 175 96 47 116 112 47 95 59 188 61 121 25 115 111 114 138 14 161 113 196 79 102 116 154 144 48 165 122 147 150 124 61 107 65 191 116 65 151 134 187 34 138 71 43 12 117 17 24 157 160 35 31 122 51 72 142 74 180 68 123 80 94 151 138 192 97 32 166 147 19 170 140 126 84 188 132 44 26 158 179 31 193 133 72 168 123 32 71 56 89 52 80 24 61 167 10 12 91 16 45 48 115 12 104 42 58 170 33 0 
115 153 83 114 168 128 194 52 43 182 102 114 140 170 153 85 200 130 197 192 86 92 188 112 139 50 90 140 126 45 127 50 14 16 128 63 48 166 12 15 118 98 199 135 81 27 191 38 171 156 171 168 36 72 133 46 84 64 29 99 46 87 175 25 134 165 183 28 92 16 11 38 145 49 18 124 183 145 105 40 71 82 164 168 26 144 150 130 134 162 120 110 110 54 83 54 32 102 31 91 17 189 138 185 77 133 191 159 97 10 61 28 188 55 58 83 123 130 137 20 51 129 108 116 134 59 52 16 185 114 18 147 162 15 31 199 86 93 174 19 55 138 126 100 135 110 73 176 133 81 89 0 
119 143 30 120 98 110 61 65 174 120 188 84 132 47 68 142 107 113 140 20 33 49 184 18 177 89 190 131 86 188 199 34 65 126 118 167 63 170 133 147 41 169 57 75 59 92 18 35 184 176 166 84 198 177 193 83 178 86 196 61 32 73 159 184 173 74 184 58 76 197 132 123 193 191 139 92 49 183 80 149 134 161 54 181 191 166 194 28 127 179 188 136 174 45 53 147 41 106 44 97 93 178 105 106 90 162 102 75 86 169 123 11 128 60 161 121 167 60 74 123 45 46 65 157 36 68 134 168 101 154 167 128 158 198 119 111 88 24 168 54 188 151 22 51 111 81 167 193 182 144 144 27 0 
150 24 192 157 185 147 52 11 31 154 163 124 36 37 101 31 57 161 126 21 150 162 72 166 170 106 42 178 20 32 186 54 93 72 152 69 83 149 20 197 198 126 10 138 56 96 91 94 184 33 13 90 150 161 170 118 139 156 185 149 14 75 69 162 11 68 70 98 79 116 151 34 125 71 111 152 120 170 188 198 135 135 197 94 31 98 173 71 73 106 45 38 70 15 128 83 69 93 91 81 52 36 113 65 65 154 107 17 171 15 46 32 157 35 10 195 178 34 178 92 130 196 11 134 198 45 31 153 105 78 198 190 39 101 25 73 187 39 119 148 134 143 103 58 52 79 161 150 158 93 151 12 176 0 
29 15 179 116 182 105 63 95 170 26 45 60 173 46 147 200 155 134 166 53 89 18 116 60 93 116 111 172 143 82 117 200 29 105 196 146 96 15 96 106 104 197 147 161 196 164 164 22 171 170 114 82 87 167 134 196 134 137 35 89 15 60 53 154 52 108 199 185 181 21 65 192 115 120 124 63 73 80 160 157 185 92 164 33 27 21 129 107 165 159 48 11 81 75 70 90 37 73 78 130 69 108 15 152 150 196 36 10 180 170 104 197 99 82 101 180 88 140 62 111 89 11 112 39 69 104 77 161 39 33 165 63 52 21 164 184 126 74 53 167 49 175 131 179 135 106 24 93 62 16 196 180 168 26 0 
127 104 43 122 152 60 60 171 82 27 186 90 10 169 73 109 95 149 69 55 32 46 65 197 184 198 173 68 148 189 170 129 153 145 109 194 49 67 192 107 48 171 199 81 43 56 186 185 41 130 125 109 140 126 16 139 141 67 58 196 189 60 121 64 98 66 58 100 59 86 94 22 42 54 179 159 145 89 58 46 126 15 84 39 96 200 130 108 155 36 18 47 147 123 105 152 191 73 39 14 184 67 119 116 132 64 145 121 176 77 47 30 90 64 118 170 88 95 94 197 92 91 137 188 67 62 76 22 70 115 84 159 198 156 90 69 20 182 137 167 143 59 107 165 166 144 49 10 99 160 14 160 160 147 192 0 
69 85 28 172 139 79 68 162 86 183 23 99 191 63 95 58 155 156 11 142 34 27 126 199 84 124 141 158 77 171 199 198 18 177 28 86 68 47 157 104 105 20 145 196 31 90 49 105 44 165 148 144 129 160 80 14 197 188 179 72 97 41 194 80 77 71 108 111 152 170 115 133 110 136 163 96 162 193 26 176 178 95 47 161 63 110 37 14 174 111 98 187 32 73 42 24 19 73 60 78 33 160 24 73 39 27 19 193 199 113 10 81 122 51 155 136 160 69 24 22 24 109 200 167 33 196 169 177 104 178 164 114 60 166 54 43 147 52 95 37 87 67 142 191 20 30 188 73 126 85 192 102 65 25 190 165 0 
164 144 194 147 19 52 66 77 23 12 60 79 149 72 148 67 187 20 61 183 82 82 40 198 123 76 183 62 124 130 71 65 191 63 192 40 53 42 115 56 126 95 136 132 135 136 186 73 58 63 84 48 95 50 14 24 20 184 170 12 95 24 23 151 133 109 34 164 105 170 66 192 116 155 70 44 102 35 32 162 146 98 158 82 166 43 190 13 21 72 104 186 29 134 174 121 10 49 172 183 186 120 178 165 96 75 164 168 48 135 47 138 56 190 136 49 163 164 89 170 108 55 74 161 148 189 53 34 200 118 62 114 47 137 108 139 80 58 163 164 149 196 48 80 106 124 67 84 110 35 175 185 97 166 51 185 154 0 
168 38 128 87 107 155 128 200 158 129 153 85 162 60 148 159 127 94 150 82 170 129 26 122 194 68 129 115 154 109 11 55 100 68 124 185 144 27 96 184 162 161 85 150 143 15 53 45 196 61 173 132 195 192 29 68 88 123 107 60 57 110 54 77 12 119 194 146 129 32 70 86 148 114 124 21 33 199 185 90 164 168 94 133 151 173 141 152 196 83 193 117 52 88 190 127 147 143 45 192 153 123 110 43 62 85 188 12 159 12 64 51 35 77 20 158 111 15 11 10 18 75 101 191 73 162 50 134 68 21 14 180 75 21 173 43 10 149 188 135 16 71 81 179 114 61 42 127 40 154 41 122 171 177 35 79 150 67 0 
164 76 182 75 120 187 63 125 47 73 130 186 37 172 48 27 194 13 176 32 141 166 130 39 47 83 81 43 82 32 114 125 138 33 11 164 174 130 154 37 11 137 75 63 49 34 158 116 177 137 25 96 155 18 106 19 96 22 138 97 173 120 114 130 26 93 150 127 113 147 157 144 185 107 34 131 153 193 81 116 16 187 170 78 53 15 76 74 82 200 57 106 131 90 110 152 108 121 55 124 184 107 115 112 136 22 155 175 32 114 159 163 15 112 167 42 133 85 148 198 67 166 71 158 135 164 50 48 27 168 75 103 48 96 55 90 127 69 19 127 173 59 16 105 163 86 196 181 150 44 63 20 167 27 64 132 44 124 153 0 
193 160 35 78 179 24 190 25 23 12 154 17 79 19 70 181 132 179 66 133 40 163 30 24 36 113 75 156 136 53 14 72 41 162 148 143 155 61 157 23 73 90 127 85 43 200 68 121 141 53 72 197 178 13 87 165 72 57 24 39 73 112 32 137 175 150 33 121 132 72 121 86 65 147 11 103 154 83 22 140 144 128 174 163 139 91 128 150 22 185 164 143 91 53 47 62 85 154 158 84 123 131 89 156 14 71 168 94 67 71 137 158 91 196 130 146 18 132 128 187 197 105 103 151 20 47 92 171 17 57 154 30 10 120 105 84 28 16 131 138 85 194 82 96 27 49 115 48 132 16 167 111 13 36 66 68 100 172 86 54 0 
69 142 138 103 147 58 105 136 58 27 28 192 194 24 137 25 126 68 200 163 146 147 110 79 146 86 76 88 193 132 190 45 80 93 87 116 200 142 182 178 23 96 80 163 183 147 137 67 77 151 181 126 46 168 188 166 28 35 12 109 38 198 179 184 14 27 39 144 52 194 46 59 27 21 66 56 100 146 36 36 92 133 57 190 138 132 192 42 195 88 13 99 185 102 139 198 70 184 192 24 80 76 164 73 182 99 77 39 150 195 17 83 88 90 48 70 32 28 175 105 184 158 20 19 28 131 128 125 74 166 135 156 14 45 188 54 164 186 12 89 13 71 114 54 124 178 50 107 90 156 110 91 75 176 140 30 162 107 168 41 104 0 
45 197 106 88 19 12 86 59 123 16 95 71 189 43 113 155 35 180 173 58 117 149 44 47 13 31 176 142 124 180 49 174 19 37 101 46 42 23 181 69 114 110 54 168 68 162 88 180 170 82 76 107 157 58 131 26 139 46 10 12 57 81 108 153 164 71 41 126 147 41 152 169 121 38 64 59 181 82 75 107 167 93 103 101 167 117 42 116 80 66 16 143 78 46 197 100 61 126 127 44 109 89 93 67 46 165 53 114 177 108 171 53 66 171 104 116 168 70 11 11 63 11 94 132 107 64 171 124 68 28 146 159 150 113 10 27 171 139 11 51 150 130 114 91 146 72 150 87 151 175 108 153 145 67 39 21 156 116 45 140 199 139 0 
121 119 110 78 170 127 163 51 190 141 78 30 107 132 188 21 79 17 62 127 51 95 81 87 90 170 50 163 178 149 151 17 34 13 82 107 196 147 25 114 134 23 104 94 120 105 76 155 45 56 75 48 129 151 52 81 38 159 165 67 162 130 182 66 69 160 104 94 175 155 13 164 26 149 112 109 27 196 73 149 194 166 54 71 72 129 28 75 16 127 160 18 19 168 90 123 31 32 142 100 33 22 177 195 125 190 194 14 136 27 137 169 88 107 117 177 23 190 142 185 166 77 24 189 26 141 198 40 191 18 150 36 100 36 25 93 97 17 141 70 76 18 55 84 120 188 25 39 64 85 175 183 101 92 70 41 169 103 29 79 56 31 108 0 
77 94 84 195 151 94 139 106 44 68 42 182 113 122 67 68 130 182 16 144 197 111 90 65 200 96 17 178 103 154 138 37 156 181 153 167 83 199 44 135 194 160 27 162 41 106 77 147 111 13 115 55 188 181 132 182 190 132 66 85 118 20 149 29 29 42 13 87 37 118 12 197 68 126 62 79 198 65 140 179 171 113 134 66 38 103 196 200 143 93 16 51 167 72 92 11 180 118 128 79 95 199 103 190 160 74 169 87 106 117 95 171 163 94 169 124 20 124 95 129 27 161 68 81 65 178 86 91 47 56 109 91 185 160 145 166 155 150 128 175 55 120 25 163 76 196 152 62 160 91 95 48 51 63 150 28 91 118 76 163 118 10 199 120 0 
118 31 186 161 107 23 155 53 172 49 130 175 182 39 180 124 40 74 159 110 172 153 147 125 48 166 60 180 56 74 77 21 94 195 83 132 145 151 186 197 38 67 103 182 179 194 196 83 38 15 130 48 109 181 39 71 73 155 199 152 123 82 139 15 82 40 185 19 94 136 68 10 89 137 107 163 133 192 137 172 103 163 73 108 42 58 31 23 168 25 192 75 89 167 48 90 90 38 21 24 92 199 126 189 62 176 84 199 67 116 142 20 114 72 15 109 32 167 79 47 149 51 122 118 199 172 99 168 51 82 96 123 13 12 107 164 145 141 101 125 139 158 174 117 144 183 85 91 102 30 76 68 200 149 194 126 159 86 147 52 20 76 103 78 43 0 
99 121 125 57 164 84 55 102 28 189 11 106 64 124 161 158 74 124 168 111 113 12 128 25 90 163 117 70 143 25 117 128 181 195 110 124 149 64 53 45 100 185 132 48 166 41 67 141 34 137 43 47 72 11 22 27 159 155 96 92 59 107 171 159 99 125 61 191 45 134 173 193 36 121 197 164 122 74 126 96 20 194 54 141 162 171 97 66 146 68 194 139 87 136 45 169 22 30 85 93 170 137 84 129 37 51 31 111 27 105 31 185 119 94 158 50 26 57 21 42 109 77 146 150 84 122 123 199 153 20 31 73 88 193 50 137 160 145 134 17 105 157 98 127 62 74 56 80 35 22 196 118 122 133 144 85 142 191 146 175 135 120 145 77 138 21 0 
14 90 113 198 179 145 87 187 54 144 87 68 119 45 110 197 193 170 144 61 154 197 151 43 62 197 164 45 185 162 192 33 170 196 193 102 32 179 17 128 30 182 191 23 127 62 142 169 150 80 121 120 188 126 112 107 190 192 77 79 15 182 199 99 37 21 186 75 90 169 159 175 34 51 92 124 152 57 46 102 75 97 81 146 127 61 74 32 97 54 178 22 164 50 103 174 43 166 21 128 157 164 165 97 171 43 112 88 23 24 70 79 32 143 66 79 170 141 163 167 156 52 141 183 152 179 83 118 175 122 161 160 123 123 172 190 79 166 34 110 138 18 47 140 131 112 113 27 198 46 43 152 71 199 60 175 170 55 105 167 191 155 89 108 76 197 175 0 
111 26 95 102 106 113 59 178 38 28 79 185 121 132 185 179 122 25 50 65 195 176 71 187 190 168 177 179 65 200 182 127 56 55 165 23 20 155 146 116 101 67 111 146 62 81 158 56 85 185 196 54 197 38 99 176 42 100 194 103 66 53 31 11 60 121 76 56 102 185 75 199 185 174 177 25 81 179 170 153 191 131 126 87 140 87 103 170 136 127 53 77 78 178 120 121 86 185 76 195 75 64 61 149 165 153 183 159 178 44 72 129 106 163 193 148 47 164 87 191 102 133 198 179 111 172 75 126 21 73 58 136 15 110 200 129 94 163 16 190 119 194 71 194 35 177 82 102 106 74 144 123 139 74 100 52 52 57 100 29 149 110 35 43 153 125 38 16 0 
28 134 98 148 193 133 150 181 200 160 97 147 65 120 181 111 86 29 10 73 41 145 197 27 74 106 74 113 53 84 65 180 60 18 48 163 111 67 133 18 82 10 117 84 144 200 196 88 99 113 62 196 55 113 33 59 17 133 186 162 130 75 60 43 20 186 187 146 100 85 174 198 154 45 155 27 73 169 22 199 198 38 34 89 157 66 188 44 155 180 189 94 51 62 115 151 174 49 129 56 97 18 48 181 63 200 196 42 19 82 49 37 184 162 158 124 97 160 163 87 119 157 187 17 94 40 59 102 55 173 153 131 44 169 76 99 49 127 78 193 186 27 192 98 196 72 98 132 191 20 24 155 56 56 176 141 81 86 36 44 123 143 154 169 121 153 145 189 36 0 
119 50 103 167 107 114 164 113 191 52 178 119 31 72 111 89 45 132 60 68 91 143 135 146 76 44 80 184 117 42 51 92 149 25 96 195 31 144 90 86 49 94 106 30 31 118 52 86 115 193 166 60 186 118 102 34 144 114 99 189 177 188 198 104 126 151 102 200 97 93 93 25 180 196 108 58 25 21 59 37 170 111 171 23 115 34 14 130 177 188 78 148 170 50 185 60 178 77 57 96 38 90 160 102 94 10 40 44 183 73 184 43 169 181 111 25 53 133 64 108 27 58 84 48 22 139 74 73 13 175 85 87 168 196 179 162 188 116 172 154 99 152 140 90 50 151 116 93 37 92 55 21 119 99 31 136 82 155 125 20 189 53 52 164 83 194 89 120 112 83 0 
46 112 104 124 51 111 131 191 13 74 196 89 129 200 173 44 101 157 56 94 180 114 160 20 146 17 86 39 94 186 63 45 193 173 182 163 24 26 36 28 152 183 28 153 59 132 42 137 44 133 183 142 56 63 136 78 52 151 79 147 51 32 67 142 80 90 199 122 172 68 125 155 135 105 61 110 75 19 91 127 132 19 19 176 77 168 52 134 29 142 17 130 78 65 139 88 123 44 76 77 90 116 172 127 18 176 70 188 94 181 88 36 159 109 158 49 161 113 23 148 82 187 178 150 141 158 28 168 60 152 54 55 22 165 155 97 168 81 22 186 30 152 46 139 113 24 112 199 79 166 125 132 31 15 149 92 145 12 40 111 163 100 100 18 151 125 22 163 37 62 175 0 
61 183 138 118 163 106 146 143 155 103 197 63 84 163 77 173 10 56 123 146 84 27 124 16 62 177 49 144 29 169 131 100 89 97 32 171 81 198 88 42 47 138 167 190 165 34 151 174 129 139 53 68 187 35 182 141 140 39 117 160 40 165 114 108 122 98 131 134 104 189 121 61 22 179 57 199 92 59 175 169 10 151 92 61 186 72 169 146 116 87 92 158 35 150 56 77 158 199 151 103 183 156 59 195 27 127 44 124 23 133 93 97 90 163 48 106 60 70 27 136 112 161 183 39 131 155 89 42 172 182 103 138 53 55 62 182 155 19 98 164 36 92 121 133 70 122 66 85 145 160 130 108 124 176 188 111 155 23 48 136 185 82 88 180 169 113 124 117 47 85 110 39 0 
171 77 102 198 63 10 133 190 68 166 121 74 26 98 95 144 57 198 97 91 111 21 151 75 126 79 128 124 64 12 137 155 27 162 14 119 15 34 154 45 44 182 65 185 67 29 96 90 112 126 166 185 92 166 60 118 41 170 150 193 162 102 131 87 156 150 72 140 53 166 16 153 126 70 73 116 74 43 122 174 12 108 142 94 141 179 138 29 101 11 49 42 193 160 17 97 110 28 150 102 55 162 175 198 147 59 42 146 81 94 139 81 17 36 143 136 20 128 117 149 80 38 26 190 30 147 153 67 186 56 83 53 147 106 44 95 173 37 178 149 172 104 58 50 140 16 68 143 85 94 144 191 155 62 194 71 122 142 182 149 170 148 177 120 178 17 26 169 78 116 20 102 90 0 
79 81 167 79 11 70 100 186 125 33 98 35 12 151 97 34 65 57 93 152 64 63 49 45 11 119 113 159 188 50 82 136 164 154 122 166 121 149 24 101 47 130 77 75 112 132 36 65 153 176 98 125 134 141 78 84 89 127 38 26 131 196 78 53 101 95 82 161 191 93 48 88 112 129 28 199 23 160 195 34 73 77 99 176 73 155 79 185 103 21 33 21 26 102 143 105 34 115 70 82 167 163 72 196 184 68 193 84 193 179 54 123 169 55 117 142 24 117 44 187 97 35 140 120 31 57 59 151 26 63 32 177 133 129 102 70 165 168 131 137 111 32 78 62 162 50 67 16 153 31 92 150 118 42 97 64 132 191 101 30 53 47 129 115 53 146 178 40 130 178 47 132 43 191 0 
81 93 49 96 105 68 106 173 21 37 76 130 42 52 101 110 172 47 191 96 51 191 113 128 106 135 189 82 156 130 188 104 172 56 39 60 101 55 189 157 97 138 20 152 48 54 111 27 98 87 200 164 57 54 169 43 141 52 194 165 15 193 78 41 74 71 69 114 128 74 84 96 190 50 140 78 58 43 136 146 138 68 72 55 158 12 26 49 180 115 97 100 127 192 162 146 190 57 76 161 130 123 171 104 10 88 60 112 115 96 37 44 14 107 103 159 23 14 190 105 10 142 65 60 192 61 187 31 88 89 75 60 100 83 110 25 193 173 159 124 176 32 94 132 172 76 29 198 41 142 128 132 22 193 166 114 188 109 35 67 139 137 140 189 40 177 73 100 107 76 193 75 25 166 112 0 
89 10 61 24 64 182 16 171 68 169 133 153 87 148 188 134 153 37 195 101 107 181 111 126 61 184 145 11 94 127 122 127 59 67 82 30 162 129 70 123 12 72 113 55 83 149 56 62 185 31 69 10 105 62 143 11 123 73 125 58 155 170 101 35 32 95 62 70 138 76 116 169 158 196 95 134 189 163 108 77 68 71 86 28 128 199 76 195 133 12 75 99 13 121 74 71 45 171 100 24 135 83 46 145 168 13 158 19 57 96 103 136 107 194 28 47 124 175 112 13 137 48 147 156 65 118 61 157 168 75 181 10 177 127 81 85 128 49 88 43 40 163 75 79 105 98 46 97 58 54 43 200 138 123 56 134 100 169 149 192 20 54 66 30 48 58 151 173 12 145 86 105 124 167 110 79 0 
12 199 99 150 49 119 128 15 71 181 92 26 187 62 133 87 108 71 45 42 91 21 92 108 85 140 81 91 51 156 103 38 143 35 34 53 124 57 151 164 16 18 174 172 30 120 199 41 88 81 47 167 40 87 126 98 193 33 111 123 112 92 14 61 23 142 30 129 195 91 42 187 70 128 163 172 52 19 190 49 190 146 152 37 179 142 26 71 76 12 98 166 20 107 151 168 33 193 16 26 123 140 125 34 106 37 37 166 19 121 166 35 189 29 30 145 98 115 15 132 73 96 15 37 143 178 166 102 121 91 171 95 163 106 41 88 198 173 107 84 89 24 21 141 110 188 78 155 35 132 177 158 200 128 130 149 174 124 194 34 192 37 169 90 142 21 25 25 79 91 55 25 150 96 83 173 145 0 
43 46 60 193 194 107 127 195 122 56 66 40 71 25 117 53 198 24 69 176 147 48 138 41 135 187 82 84 54 47 129 48 146 120 166 117 61 40 19 175 29 35 184 162 23 155 118 27 113 159 179 113 84 121 14 126 17 135 102 120 110 97 158 29 107 48 138 19 50 132 130 109 144 23 139 73 54 198 163 151 38 33 57 158 124 34 32 99 79 95 148 62 109 22 138 117 24 195 42 82 55 43 77 50 146 54 68 191 11 103 78 147 38 40 114 48 103 134 36 68 166 43 65 150 12 146 63 123 104 164 163 137 31 14 134 195 60 46 79 55 27 143 156 66 50 165 47 46 31 19 136 161 121 41 54 73 50 64 128 118 44 83 168 171 42 187 192 156 114 199 37 163 63 37 159 62 122 92 0 
95 23 82 123 113 48 119 179 178 137 56 176 173 19 187 127 37 173 40 107 35 45 176 29 194 95 37 22 143 64 163 171 141 37 29 110 116 63 137 43 108 30 71 96 32 113 116 81 160 45 47 194 134 122 41 120 60 121 46 126 28 160 135 152 142 116 131 64 57 60 30 94 154 195 147 90 33 137 42 133 48 118 144 10 131 83 142 170 195 112 82 173 200 142 42 194 78 44 59 24 122 155 121 62 88 125 25 107 92 149 143 33 16 135 126 84 101 72 102 141 111 55 128 116 116 83 37 34 42 43 187 170 132 185 11 137 10 38 66 67 181 39 47 107 132 163 199 123 79 92 150 144 180 88 191 16 146 133 73 70 55 42 44 187 122 59 129 164 111 90 69 24 164 17 122 136 51 63 188 0 
178 43 155 88 141 48 77 188 132 121 149 10 169 129 197 135 147 47 107 169 142 42 33 120 56 145 172 142 24 140 120 185 69 49 57 16 11 159 147 170 67 159 166 92 11 156 39 82 83 164 139 144 130 138 82 23 144 133 118 18 80 77 185 196 11 27 52 51 57 15 80 16 180 38 77 40 61 96 11 96 47 81 124 199 33 150 51 23 154 168 158 187 105 63 56 143 116 54 158 152 104 56 10 18 170 69 157 130 150 65 166 83 172 185 22 192 190 31 92 99 18 129 105 182 87 40 101 57 164 137 43 43 71 46 15 73 196 21 162 58 54 25 149 141 173 84 197 128 93 85 102 190 183 52 60 23 125 165 30 96 132 14 118 115 28 55 36 35 22 39 144 86 64 105 88 72 97 79 120 82 0 
83 165 67 24 106 87 140 198 82 155 136 11 61 160 12 173 52 60 89 142 26 104 123 174 146 152 184 185 111 180 174 197 162 89 112 92 166 56 91 193 23 137 46 157 73 124 176 37 20 143 110 10 19 112 40 130 126 136 161 131 113 132 51 12 136 138 100 26 48 26 154 163 89 61 30 24 107 81 32 19 21 18 195 15 115 86 186 56 133 55 145 125 169 55 17 129 10 76 35 85 41 138 13 126 79 39 57 80 121 143 18 27 28 58 181 16 97 32 165 147 32 19 81 153 55 26 33 165 195 11 92 142 61 180 93 87 55 158 162 173 31 30 47 143 94 75 92 128 18 86 90 71 71 189 43 20 105 16 193 123 62 96 182 104 110 160 169 80 180 179 69 68 94 125 126 58 163 71 60 126 105 0 
78 116 154 34 143 107 23 27 46 80 80 11 100 69 92 119 152 80 141 126 50 15 86 10 171 69 26 42 163 68 194 169 44 27 116 197 168 141 198 66 191 53 82 55 73 146 34 192 110 127 86 22 144 93 13 160 11 99 47 145 153 16 109 195 42 141 167 143 137 78 152 76 90 118 159 46 46 182 119 19 90 155 146 89 57 107 128 67 31 111 93 168 50 26 52 130 150 131 66 112 47 162 72 176 90 187 63 164 76 136 105 20 68 128 12 141 82 88 105 61 51 124 165 116 120 71 26 21 173 58 103 152 143 183 164 145 22 120 137 99 149 104 43 48 167 70 156 152 55 197 118 134 29 35 40 73 27 25 18 135 188 89 46 192 160 113 191 19 170 112 152 129 66 54 142 16 123 31 111 57 38 71 0 
18 100 183 80 102 125 68 163 80 12 16 148 69 15 69 184 65 187 46 67 182 187 127 102 38 131 64 85 130 33 53 108 70 94 197 149 199 159 33 122 56 25 197 123 169 42 87 153 119 33 14 71 164 63 133 39 135 17 63 31 35 100 167 74 59 179 84 83 55 175 70 190 11 61 143 36 199 192 23 90 167 80 115 61 79 127 104 142 160 84 116 180 147 165 66 59 103 194 69 67 91 62 74 92 55 79 120 59 152 188 95 70 77 166 147 89 36 193 114 40 121 17 168 50 95 184 182 57 80 58 26 124 82 184 54 176 157 41 23 45 19 131 185 196 32 171 150 178 174 26 17 34 38 44 87 195 81 166 106 160 162 127 65 116 59 198 135 123 179 57 172 96 55 140 94 50 200 85 32 99 69 200 18 0 
133 40 127 46 17 91 85 69 142 180 128 156 183 95 121 47 144 117 37 148 159 125 199 175 27 91 165 12 15 24 173 111 25 131 139 145 97 14 195 10 196 85 102 93 167 187 16 150 187 187 180 194 112 45 189 185 99 26 123 194 40 89 171 147 37 33 150 132 91 84 31 58 15 187 153 143 39 170 38 156 70 36 82 153 162 137 65 47 160 24 88 128 82 178 64 153 13 59 41 103 88 172 114 94 141 98 57 200 193 145 61 135 76 84 68 147 94 56 77 108 41 180 67 108 144 10 158 95 61 59 78 51 58 72 111 85 69 89 198 130 25 166 175 15 174 179 162 29 177 160 197 66 159 63 188 81 117 61 187 194 47 67 41 187 85 143 184 21 97 65 177 134 128 11 144 145 194 97 184 28 185 118 191 148 0 
14 14 157 175 111 197 79 139 15 176 31 135 27 156 119 147 80 48 144 182 105 197 113 79 135 113 92 195 72 99 36 33 38 49 111 136 60 133 146 126 48 44 41 69 125 62 22 101 173 103 145 83 164 20 16 158 152 148 158 75 116 43 44 121 92 18 41 29 84 119 141 12 155 118 106 127 87 194 71 194 125 198 173 118 174 159 94 112 36 115 40 112 145 78 127 56 134 103 184 24 27 90 164 187 93 53 191 108 191 133 59 39 183 158 157 180 100 11 42 21 51 160 177 190 24 35 48 69 100 131 38 108 48 183 15 131 139 21 105 85 15 116 147 96 184 53 149 107 184 36 66 10 72 115 34 177 10 125 27 73 166 199 65 186 39 147 98 82 139 115 60 66 44 131 107 114 171 92 142 81 197 171 141 101 125 0 
43 25 171 183 115 171 105 190 181 51 89 88 105 112 150 183 190 55 52 149 103 90 114 131 111 111 169 26 125 104 41 85 158 51 192 74 28 154 68 104 56 181 135 161 90 192 82 63 82 200 160 185 170 94 102 191 139 111 113 174 47 195 32 73 56 171 116 56 10 153 140 42 178 181 26 120 123 116 81 37 185 64 192 195 119 196 31 18 28 170 35 198 73 35 92 64 64 124 80 28 143 143 109 153 172 99 156 130 194 91 157 98 192 44 112 77 175 74 118 107 85 102 94 147 41 192 19 87 77 169 155 129 83 106 138 67 83 87 76 111 89 16 165 50 13 14 68 131 95 117 41 156 30 73 92 69 161 167 80 111 160 159 115 17 63 57 46 80 197 151 171 125 186 37 140 100 87 183 22 196 161 65 30 122 87 17 0 
136 64 89 197 191 77 19 42 12 146 102 21 110 180 86 105 174 16 116 30 165 86 114 127 171 95 141 47 70 149 135 118 114 161 12 125 45 41 145 149 199 12 35 35 53 156 55 51 133 80 34 91 92 170 48 76 130 169 101 148 58 73 55 137 150 121 113 160 171 77 76 171 173 97 167 78 155 146 38 23 46 55 134 147 181 44 111 152 21 143 67 74 23 113 173 132 61 151 66 67 24 156 180 127 127 184 50 135 141 170 165 184 97 98 30 142 198 41 183 184 121 185 199 145 184 105 138 58 196 52 143 46 35 111 157 152 128 51 121 67 83 100 127 84 131 51 19 29 123 102 195 63 67 105 57 74 156 79 50 88 62 34 174 145 112 182 42 82 193 166 170 150 117 83 190 179 87 113 83 130 69 148 95 182 188 82 122 0 
71 96 96 37 198 40 118 194 194 32 154 10 11 120 28 12 167 29 31 113 71 103 156 146 63 167 84 117 20 81 166 68 175 157 72 141 150 123 66 91 162 139 22 124 46 156 48 81 66 24 194 139 180 144 152 186 47 78 58 127 71 56 56 144 51 127 126 178 36 152 191 142 71 195 116 63 31 173 187 25 83 188 86 98 196 99 164 82 128 73 196 37 183 34 135 55 125 161 63 140 166 135 76 53 196 129 190 12 44 79 106 106 120 194 143 79 139 124 47 48 120 55 131 76 11 42 54 60 65 153 42 112 15 146 93 17 125 50 156 139 64 126 115 145 51 39 86 168 197 184 160 85 23 72 189 28 40 36 99 70 14 153 134 121 186 119 71 113 199 74 111 40 168 16 120 51 48 120 103 173 48 198 155 23 95 24 98 171 0 
11 59 182 52 64 56 148 43 80 72 139 149 104 49 25 123 190 80 53 162 83 94 62 43 167 69 63 47 145 76 163 191 82 111 130 193 24 131 143 132 117 75 45 159 89 181 123 13 98 68 103 200 74 133 49 198 154 108 79 33 189 183 129 120 183 105 116 184 70 122 152 109 141 49 12 185 94 112 132 195 33 184 176 141 69 186 49 149 101 45 116 179 18 150 174 137 54 129 78 67 76 53 69 110 81 95 154 136 180 98 185 161 136 170 178 13 158 45 52 154 156 144 27 159 104 108 27 199 117 181 116 57 154 107 53 64 107 180 42 54 54 110 63 183 64 173 70 72 69 16 96 167 68 49 92 54 95 141 87 143 133 20 131 174 98 170 99 92 104 144 135 37 39 69 137 109 199 46 66 53 177 151 39 75 119 170 135 54 133 0 
80 149 193 69 181 187 20 109 63 194 152 15 23 77 106 200 66 74 117 101 182 156 170 135 70 79 98 175 97 65 75 133 10 183 172 74 66 161 50 49 116 140 73 42 38 43 135 111 61 197 94 141 176 193 200 116 135 187 122 181 133 195 131 90 189 99 144 175 32 11 107 165 83 162 142 154 120 18 57 116 44 74 72 24 94 141 21 145 102 136 118 54 116 56 26 16 110 84 76 144 193 144 170 194 78 143 81 176 71 107 64 135 120 123 136 35 67 199 182 192 174 184 200 128 111 37 177 171 196 90 120 155 35 94 168 148 65 192 45 81 87 19 150 149 34 141 25 91 154 59 106 73 147 163 164 41 101 73 64 111 128 192 173 37 178 163 161 106 10 189 135 94 126 82 27 120 196 24 95 88 177 183 160 151 164 50 175 76 128 130 0 
22 33 59 177 92 61 174 122 29 40 78 192 61 65 23 160 130 62 89 174 60 25 36 194 68 142 138 171 14 30 95 78 189 88 193 107 19 53 134 34 179 186 151 105 147 80 127 141 61 53 140 196 145 197 109 76 36 52 141 36 186 55 183 89 108 16 76 30 187 150 69 160 172 163 69 62 57 147 187 128 147 156 76 137 104 133 162 48 41 33 125 131 96 145 14 58 12 71 37 58 176 47 30 42 48 89 20 135 169 43 119 129 70 24 71 43 131 90 167 119 62 102 37 30 51 85 160 11 154 156 22 148 33 115 200 29 111 90 89 15 42 195 118 172 93 58 65 52 32 25 117 140 162 66 43 44 94 169 59 139 84 50 27 160 137 127 192 159 13 23 36 149 84 121 102 108 164 70 144 56 157 152 25 69 93 182 21 78 103 195 162 0 
58 79 168 82 15 119 78 32 28 95 110 34 165 149 200 118 113 13 83 96 158 17 134 31 126 77 160 188 157 73 143 122 44 74 23 137 195 97 139 10 91 185 130 181 176 181 111 160 10 155 38 75 26 34 189 141 84 124 169 168 140 27 141 81 69 121 48 63 135 38 136 100 127 90 192 73 149 57 52 88 175 30 111 195 195 183 37 181 67 193 185 100 170 46 36 154 187 157 28 185 60 144 142 11 175 197 109 72 45 161 189 140 188 57 189 18 136 176 185 177 196 13 156 89 130 137 47 192 10 126 135 179 89 97 109 84 16 15 63 125 198 124 53 175 125 102 128 37 77 157 190 124 105 50 136 157 59 137 53 108 142 33 200 167 10 16 66 93 133 149 96 180 41 65 25 72 121 157 69 78 174 49 91 67 78 98 11 172 157 38 117 102 0 
166 113 39 154 190 174 33 144 140 87 116 63 75 145 149 34 25 20 57 57 181 136 190 154 36 46 187 17 121 198 154 61 102 51 77 58 51 180 191 67 173 198 46 124 28 13 49 45 131 110 194 116 195 164 16 155 79 199 186 101 83 196 33 149 62 65 39 109 82 41 89 174 129 71 74 146 28 163 16 23 183 47 179 79 154 11 107 158 134 131 32 93 65 26 158 80 12 182 161 29 76 125 109 173 102 163 125 177 58 94 98 74 110 70 102 58 40 146 191 15 139 199 69 124 102 33 53 88 75 194 72 137 15 108 15 62 32 39 161 66 145 43 17 73 74 159 149 172 93 63 54 28 161 135 96 64 182 47 38 156 23 81 127 185 124 133 92 194 143 192 54 86 167 190 115 40 125 69 198 107 124 69 182 13 119 30 196 98 59 192 95 137 192 0 
72 58 71 44 62 170 137 170 190 23 75 45 105 123 178 107 185 172 141 188 37 53 173 159 170 107 150 56 44 12 84 15 189 158 150 137 40 180 97 173 188 39 75 76 113 53 40 104 53 130 109 48 100 140 50 139 69 28 77 135 81 70 187 28 107 45 72 87 54 67 91 53 73 169 38 142 44 195 23 129 169 130 160 188 45 30 172 114 71 185 175 92 166 198 135 89 66 75 67 12 169 103 158 169 158 16 63 86 79 98 157 144 32 127 110 38 151 111 54 170 79 160 188 18 176 13 75 21 164 39 153 189 191 184 60 156 144 98 149 192 181 16 119 166 46 195 27 194 154 19 183 200 146 129 57 128 75 122 132 101 96 157 21 111 103 42 136 166 119 179 79 134 190 131 132 128 51 193 69 163 16 41 89 139 56 192 145 180 179 159 75 147 138 81 0 
79 97 175 198 171 184 57 39 53 35 101 120 162 111 65 147 42 143 160 180 154 178 200 193 157 53 84 158 113 123 46 110 48 199 24 193 12 178 42 86 22 46 17 192 172 29 114 70 111 99 130 29 132 135 180 168 71 165 150 135 64 58 18 79 192 192 153 72 161 112 138 65 62 196 100 81 190 57 129 70 25 53 56 138 55 42 110 150 49 41 97 198 165 22 165 67 15 27 123 178 147 200 58 135 97 41 152 96 29 110 11 99 165 154 31 117 181 145 44 195 101 58 82 158 161 163 76 192 65 87 148 12 145 97 10 153 126 199 186 150 199 173 20 69 178 25 122 10 109 37 78 46 71 97 32 44 182 137 114 88 166 163 198 132 55 34 186 54 99 195 54 80 80 16 180 115 191 122 167 16 164 146 58 147 197 162 200 122 27 16 18 171 80 158 104 0 
28 136 29 41 47 55 181 20 25 62 37 28 175 172 187 115 154 133 61 136 110 188 177 195 141 45 146 45 118 143 200 60 156 47 115 115 144 105 108 80 118 160 200 54 49 154 141 162 45 107 176 86 87 148 124 62 48 57 192 82 74 45 194 40 124 120 29 35 23 181 44 173 104 124 16 200 127 192 40 183 123 123 168 17 174 85 31 172 31 109 53 29 31 199 176 77 36 35 71 69 65 110 154 66 72 63 26 88 93 145 18 75 158 42 63 186 64 145 57 176 160 40 76 198 200 68 185 82 60 115 87 117 183 100 20 104 192 94 65 70 64 68 74 57 46 99 96 32 17 115 81 131 78 135 140 117 35 152 63 69 191 155 159 146 142 16 52 197 187 25 152 38 39 90 26 160 183 114 22 109 193 18 131 22 20 116 180 188 31 164 192 94 102 137 41 192 0 
128 106 174 26 93 89 167 152 183 125 64 114 144 183 49 72 179 34 48 90 182 140 10 54 77 162 27 159 85 148 106 159 47 184 101 57 98 119 154 113 112 28 31 124 119 94 99 68 179 169 113 189 200 147 195 42 155 118 46 20 142 55 172 189 177 140 85 57 10 143 19 48 16 79 78 96 129 79 55 35 25 36 95 177 195 184 57 136 50 158 175 131 134 149 25 84 37 171 160 167 18 191 105 151 83 186 128 196 103 68 43 25 75 77 25 181 82 150 40 162 16 98 47 113 94 36 172 124 73 38 30 42 114 151 170 47 198 146 70 28 113 191 157 140 18 120 198 183 70 30 184 23 18 175 51 34 82 177 71 162 161 18 154 66 96 148 135 172 176 152 61 143 25 146 142 137 32 200 162 10 61 99 95 40 25 30 124 37 152 143 144 122 166 12 146 92 116 0 
34 171 157 168 66 19 23 182 170 155 179 123 100 184 15 160 47 102 75 58 168 159 191 118 192 164 137 40 90 39 151 116 131 50 123 79 131 200 103 66 161 45 56 23 25 83 144 91 147 158 66 30 83 52 127 98 127 97 45 58 187 44 192 110 44 68 65 67 138 92 33 55 83 63 23 20 73 46 146 89 26 60 73 189 49 72 129 161 80 15 31 158 43 84 184 165 68 75 164 40 109 19 29 78 96 133 166 46 197 12 156 87 62 114 173 58 144 150 130 110 93 74 45 58 73 156 155 164 12 89 17 175 151 191 35 199 146 153 189 189 120 182 63 68 30 82 111 196 113 139 172 12 50 97 127 94 85 58 96 54 145 57 115 184 176 200 48 24 116 167 18 181 172 193 132 49 64 75 200 136 23 139 113 15 17 55 155 72 78 84 52 66 159 21 76 152 135 74 0 
147 26 65 110 27 152 191 74 195 13 119 19 23 198 200 52 17 33 26 145 90 186 120 39 39 149 81 84 118 103 38 46 144 123 33 91 129 12 136 159 54 103 80 92 25 141 148 113 152 115 55 26 153 51 25 181 199 74 66 98 145 13 53 44 104 44 172 91 35 159 116 177 168 143 169 177 69 93 100 181 190 24 36 141 167 158 26 57 41 155 197 54 147 46 129 83 99 118 178 92 170 168 35 100 121 136 41 48 70 74 18 25 57 156 30 134 65 124 165 121 13 104 50 14 29 25 33 107 17 52 78 17 57 143 184 97 63 156 191 93 78 123 17 131 115 104 186 42 137 151 177 135 111 146 131 175 83 99 186 192 106 114 78 119 85 79 79 55 97 75 16 123 183 54 66 105 120 21 48 134 53 174 200 36 132 64 79 115 112 38 191 99 62 179 119 33 86 64 142 0 
